1      1      0.2058      0.6752
1      2      0.235099744      0.815281736
1      3      0.814950164      0.400051655
1      4      0.499882977      0.287485149
1      5      0.074170458      0.565255899
1      6      0.951997884      0.120367278
1      7      0.457216032      0.108706694
2      8      0.031822124      0.107089862
2      9      0.927479735      0.93069631
2      10      0.717662639      0.295706271
2      11      0.375388577      0.571308731
2      12      0.69214943      0.659641859
2      13      0.0212235      0.169740774
2      14      0.537120187      0.447813614
2      15      0.10315092      0.541714135
2      16      0.240509303      0.73495559
2      17      0.127556387      0.327837374
2      18      0.253787082      0.653037306
2      19      0.258430333      0.833453154
2      20      0.758808046      0.613977145
2      21      0.496107822      0.210851772
2      22      0.208664412      0.500046308
